12,3
12,2
12,1
11,3
11,2
11,1
20,2
20,1
20,3
10,3
10,2
10,1
9,3
9,2
19,2
9,1
19,1
8,3
19,3
8,2
8,1
3,3
3,2
3,1
0,740
0,739
0,738
0,737
0,736
0,735
0,734
0,733
0,732
0,731
0,730
0,729
0,728
0,727
0,726
0,725
0,724
0,723
0,722
0,721
0,720
0,719
0,718
0,717
0,716
0,715
0,714
0,713
0,712
0,711
0,710
0,709
0,708
0,707
0,706
0,705
0,704
0,703
0,702
0,701
0,700
0,699
0,698
0,697
0,696
0,695
0,694
0,693
0,692
0,691
0,690
0,689
0,688
0,687
0,686
0,685
0,684
0,683
0,682
0,681
0,680
0,679
0,678
0,677
0,676
0,675
0,674
0,673
0,672
0,671
0,670
0,669
0,668
0,667
0,666
0,665
0,664
0,663
0,662
0,661
18,1
18,3
14,1
14,11
14,3
13,1
